186 118 188 4 88 57 173 52 163 143 206 58 86 40 186 80 86 93 172 177 96 11 61 23 135 77 114 141 205 199 43 73
41 48 131 49 245 147 10 170 223 215 168 223 232 157 94 241 159 36 56 43 50 69 230 86 235 212 244 1 74 135 13 36
209 250 134 10 84 132 178 236 178 0 132 255 33 47 202 34 99 65 177 149 209 140 51 26 235 189 165 115 248 231 8 104
155 41 117 216 183 16 237 219 15 9 225 117 215 169 184 157 249 16 64 39 72 71 156 44 9 133 242 185 135 236 78 221
144 206 82 69 175 237 207 145 122 170 230 34 75 58 201 70 111 131 93 136 188 157 121 246 197 129 41 88 176 77 61 195
148 126 170 253 46 158 33 179 53 159 140 64 195 253 82 119 152 67 196 80 207 216 231 213 21 202 59 134 213 194 141 116
178 254 65 13 45 103 70 20 176 252 210 252 134 54 79 59 81 88 137 139 96 199 26 36 207 244 111 254 227 244 19 98
114 116 63 44 161 121 93 207 218 63 18 88 204 124 108 88 160 67 143 58 37 47 247 65 30 98 0 235 24 152 169 107
67 213 186 188 174 203 14 192 184 192 39 12 95 121 1 15 108 113 243 174 11 252 102 42 88 117 208 138 243 163 40 107
8 185 50 125 68 215 106 32 35 210 140 148 164 198 111 39 168 15 254 69 99 130 37 231 23 220 147 91 48 232 2 144
150 26 162 1 64 5 243 220 0 17 146 79 146 254 85 169 194 105 16 54 165 31 193 175 87 226 204 117 81 22 125 35
165 224 82 123 13 61 57 190 81 170 180 193 25 104 97 224 88 66 15 240 199 111 178 72 63 198 175 216 222 166 239 23
72 148 216 1 53 221 106 95 253 247 54 39 208 108 100 143 250 96 132 89 131 64 246 135 216 96 236 227 64 123 126 157
130 179 164 159 66 197 63 188 76 53 94 123 130 185 78 232 175 70 117 212 29 80 148 82 45 61 169 169 181 238 18 138
201 78 122 209 89 101 107 30 46 209 196 73 92 44 6 244 127 155 53 110 151 72 68 252 184 139 184 162 130 56 52 55
34 87 60 27 168 67 57 66 58 48 183 115 34 15 146 135 92 162 82 204 130 215 19 76 143 222 207 190 178 246 255 203
143 126 48 89 251 186 28 51 220 109 54 17 40 206 176 175 155 36 37 86 176 108 32 173 45 38 11 151 43 112 180 175
35 169 161 123 109 80 152 82 201 202 37 44 241 221 226 157 14 21 169 185 135 199 227 201 225 29 24 185 196 101 250 210
66 68 107 146 121 245 36 46 112 192 99 240 54 244 159 73 50 221 38 245 195 131 203 85 48 141 64 24 234 197 84 203
153 61 205 37 177 129 38 184 47 39 123 40 235 225 163 178 242 45 42 190 20 87 83 89 4 77 136 137 109 114 69 247
140 192 96 63 53 237 76 96 80 104 64 36 53 124 43 109 123 163 107 99 226 0 104 184 183 227 228 186 104 112 135 239
121 71 34 151 176 45 33 89 69 166 20 239 81 219 185 96 162 122 137 192 145 164 25 216 9 190 198 195 145 252 133 232
220 178 125 207 138 62 118 241 9 46 91 133 58 28 162 26 248 177 90 104 157 128 163 38 73 89 180 138 169 202 165 148
244 86 148 204 216 184 229 240 236 106 186 19 233 249 77 251 248 62 133 235 247 189 170 76 247 94 6 127 119 3 169 91
11 238 79 67 17 64 84 95 11 23 20 240 147 139 255 11 244 224 196 32 82 187 132 15 97 170 203 30 122 83 40 60
102 141 70 240 39 62 80 216 61 181 3 191 134 248 108 180 250 158 89 55 102 223 235 65 14 199 54 253 206 44 123 222
47 69 145 143 153 156 246 28 153 137 242 56 33 23 130 37 74 1 217 169 134 186 157 47 60 58 240 230 155 111 81 44
63 43 159 227 168 48 84 221 203 221 48 230 17 92 13 217 255 71 123 224 166 46 31 76 195 54 185 154 164 240 229 160
111 142 3 253 40 139 155 174 45 18 76 159 61 214 165 225 133 71 234 79 40 168 243 221 43 28 76 65 161 248 72 22
5 83 55 204 160 163 247 169 66 147 86 74 166 87 77 150 199 115 171 120 34 215 197 65 73 28 218 97 149 243 59 90
241 253 160 34 195 105 53 103 246 135 85 156 129 115 253 201 200 76 130 164 202 205 183 44 60 76 1 239 91 57 184 55
183 136 59 23 144 107 226 36 124 41 176 19 86 224 170 51 101 232 142 126 148 243 104 164 138 28 163 132 227 83 96 62
