85 85 250 4 164 137 200 133 248 38 184 229 139 244 65 220 45 152 124 93 87 67 83 89 28 86 142 216 60 167 214 107
178 102 78 41 77 129 231 212 173 255 166 21 169 35 39 234 51 92 80 122 238 87 223 76 181 164 165 142 200 88 248 176
157 54 248 252 21 182 29 159 183 18 88 202 175 78 11 129 71 252 43 111 177 37 54 77 49 120 125 204 249 171 108 160
198 95 7 31 208 118 28 150 146 166 63 13 52 160 226 52 193 188 69 35 96 125 101 22 133 231 237 3 174 41 114 236
90 50 183 219 111 41 164 43 153 122 108 210 223 90 22 183 127 181 48 147 14 203 84 133 175 10 80 183 62 105 114 167
39 210 147 240 212 249 105 227 224 24 174 77 109 137 223 247 10 111 151 16 45 1 223 156 245 187 147 24 118 164 79 213
241 133 209 91 205 52 238 230 244 71 231 196 125 164 182 226 200 104 62 103 172 183 225 250 175 200 212 134 180 182 161 153
238 62 157 89 224 219 182 71 207 131 112 79 22 254 26 5 119 112 44 146 117 127 206 131 151 171 159 16 243 226 109 1
158 46 57 246 193 197 104 4 127 61 99 235 69 113 166 115 230 84 255 187 44 117 175 24 9 126 232 2 103 153 38 188
89 111 19 161 35 105 99 201 170 161 223 70 121 165 202 95 205 162 224 68 100 3 49 220 6 200 133 97 93 35 54 105
236 241 244 197 32 164 44 128 203 124 175 213 173 227 227 2 203 86 160 1 84 114 204 143 214 34 80 122 84 1 14 182
83 141 119 17 33 42 188 107 122 8 229 252 194 214 207 83 174 60 178 121 62 160 112 218 29 39 37 71 107 215 151 167
160 110 45 61 204 237 92 64 181 107 17 173 29 86 244 96 28 213 93 203 225 161 0 158 81 42 142 177 252 27 95 251
100 70 46 114 46 99 244 119 118 17 18 241 5 33 120 83 254 165 145 130 203 2 121 27 169 91 226 155 148 2 132 45
42 90 159 204 114 48 174 107 134 251 154 189 225 253 231 172 53 193 205 173 153 186 110 196 31 220 137 199 103 234 85 150
232 36 80 36 158 216 38 216 163 200 165 177 82 59 44 233 112 142 250 107 37 118 33 134 45 55 149 183 146 208 19 195
154 39 4 119 36 219 24 249 88 84 25 50 160 232 239 45 237 190 113 117 166 253 127 125 121 110 234 187 1 49 222 67
96 244 144 199 122 39 127 27 231 53 114 145 86 65 194 247 125 252 244 219 31 36 139 97 171 138 53 97 149 46 154 51
202 213 212 189 66 158 110 51 29 19 223 7 170 118 197 221 105 63 151 199 139 205 180 141 18 134 67 246 44 103 211 162
189 169 161 249 194 55 62 185 206 163 32 84 1 165 148 41 120 28 229 97 174 16 119 87 238 245 222 184 127 49 43 52
55 98 104 147 189 219 229 148 85 152 200 37 32 242 198 166 228 208 247 203 71 154 225 37 233 83 205 66 137 163 166 214
152 34 6 208 201 114 245 1 103 35 165 50 72 250 58 219 183 142 31 184 88 108 4 166 54 58 224 84 168 215 131 154
168 165 46 238 140 88 115 120 243 247 250 50 21 169 232 238 185 81 161 152 137 18 237 66 61 235 237 195 44 34 105 138
201 75 240 162 114 48 126 102 161 52 183 195 127 133 62 35 99 52 242 60 25 177 123 233 126 104 223 232 127 159 232 68
150 210 97 128 125 50 203 173 188 35 17 169 40 230 252 8 235 61 183 97 183 174 195 61 49 166 80 232 188 194 28 1
233 243 120 236 150 210 211 26 212 179 125 35 125 237 234 252 75 45 206 197 149 234 201 124 157 214 101 5 17 234 236 106
134 129 226 154 248 122 9 240 25 3 143 215 87 27 158 43 167 119 253 164 214 227 145 84 225 120 243 197 188 152 16 84
151 41 36 176 125 70 236 135 73 117 246 211 20 141 226 185 198 136 43 73 135 150 80 221 216 94 47 41 8 226 141 4
225 93 1 122 137 190 187 72 21 191 87 133 184 145 170 112 101 204 142 46 174 248 113 51 186 0 232 117 116 201 89 182
38 112 87 190 63 162 78 63 182 63 157 160 245 157 157 31 86 30 113 175 48 196 164 111 192 88 123 127 12 107 135 188
186 112 85 167 207 73 252 151 8 250 236 157 16 55 205 245 56 229 11 91 62 218 174 147 249 169 24 249 229 118 240 130
69 73 85 2 169 143 17 178 166 47 123 81 38 16 152 29 64 133 232 83 69 64 126 90 28 137 113 170 87 215 178 205
